Index,Object,Intent,Session,GraspType,GraspTypeIndex,Rank,Error,PoseIndex,HandConfiguration,Image
0,apple,handoff,1,Precision,6,1,-0.23533200000000001,1230,"0,0.191684,0.88951,-0.414762,0.0432438,0.59936,0.228553,0.767158,-0.088856,0.77719,-0.395644,-0.489327,0.0880652,0.337026,1.09121,0.649339,0.995485",screenshots/apple_1_handoff.png
1,apple,handoff,2,Power Sphere,4,1,-0.131332,292,"0,-0.767352,-0.137501,0.626308,-0.0335686,-0.60271,-0.178745,-0.777683,0.0305656,0.218882,-0.97424,0.0542872,0.0369994,1.34578,1.14415,1.42914,1.12717",screenshots/apple_2_handoff.png
2,apple,handoff,3,Power Sphere,4,1,-0.060285999999999999,1036,"0,-0.335542,0.907298,0.25342,-0.0116043,0.374794,0.375385,-0.847712,0.0366309,-0.864257,-0.189462,-0.466007,0.064476,1.22395,1.20694,1.40841,1.36028",screenshots/apple_3_handoff.png
3,apple,handoff,4,Power Sphere,4,1,-0.073938000000000004,1764,"0,-0.0621113,0.162472,0.984756,-0.0485189,0.187109,-0.967272,0.171389,-0.0226658,0.980373,0.194901,0.0296784,0.0611999,5.17224e-05,1.02071,1.32065,1.0321",screenshots/apple_4_handoff.png
4,apple,handoff,5,Power Sphere,4,1,-0.22726499999999999,60,"0,0.442431,-0.24597,0.862411,-0.0419117,0.88996,0.00185342,-0.456036,0.00209644,0.110573,0.969275,0.219723,0.0190396,1.37417,1.33443,0.969705,1.23237",screenshots/apple_5_handoff.png
5,apple,handoff,6,Power Sphere,4,1,0.037555999999999999,632,"0,-0.18026,-0.78884,0.587568,-0.0225481,-0.78845,0.47303,0.393179,-0.0364868,-0.588092,-0.392393,-0.70723,0.0658362,1.10532,1.1274,1.27136,1.35311",screenshots/apple_6_handoff.png
6,apple,handoff,7,Power Sphere,4,1,-0.10957799999999999,1612,"0,0.514543,0.744181,0.425956,-0.0125142,0.05449,-0.524136,0.849889,-0.0371596,0.855731,-0.414095,-0.310241,0.0650665,1.67362,1.50928,1.09543,1.25706",screenshots/apple_7_handoff.png
7,apple,handoff,8,Power Sphere,4,1,-0.14880699999999999,2508,"0,-0.154071,0.987258,0.0397892,-0.0216058,0.674657,0.134537,-0.725766,0.0453211,-0.721872,-0.0849758,-0.686789,0.0624834,1.43123,1.21741,1.34978,1.3165",screenshots/apple_8_handoff.png
8,apple,handoff,9,Power Sphere,4,1,-0.029436,1260,"0,-0.492333,0.87025,-0.0164613,-0.00963731,0.36693,0.190362,-0.910563,0.0457437,-0.789284,-0.454341,-0.413043,0.052653,1.04699,1.16635,1.39106,1.40036",screenshots/apple_9_handoff.png
50,apple,use,1,Power Sphere,4,1,-0.13766600000000001,1148,"0,0.0395521,-0.984838,0.168901,-0.00979873,-0.553992,-0.162288,-0.816551,0.0413519,0.831582,-0.0612737,-0.552012,0.0678587,1.47872,1.40959,0.770847,1.26493",screenshots/apple_1_use.png
51,apple,use,2,Power Sphere,4,1,-0.096062999999999996,292,"0,-0.569188,-0.569666,0.59288,-0.0200628,-0.399858,-0.43828,-0.804999,0.0486275,0.718428,-0.695263,0.0216786,0.0326529,1.46634,1.33907,0.811314,1.30086",screenshots/apple_2_use.png
52,apple,use,3,Power Sphere,4,1,-0.198743,780,"0,-0.270437,0.440907,-0.855843,0.0375157,0.578228,-0.636381,-0.510559,0.0302359,-0.769751,-0.632945,-0.0828438,0.0549082,1.39395,1.4279,1.21698,1.24775",screenshots/apple_3_use.png
53,apple,use,4,Power Sphere,4,1,-0.13480200000000001,1816,"0,-0.402225,-0.429514,0.808538,-0.0391725,0.228315,0.808168,0.542897,-0.0358616,-0.886616,0.402968,-0.227001,0.0357874,1.15379,1.17024,1.31919,1.36057",screenshots/apple_4_use.png
54,apple,use,5,Power Sphere,4,1,-0.15324599999999999,1856,"0,-0.772682,0.561803,-0.295533,-0.0111596,0.539948,0.826468,0.159388,-0.0148855,0.333794,-0.036416,-0.941943,0.085825,1.37204,1.16575,1.43144,1.34203",screenshots/apple_5_use.png
56,apple,use,7,Precision,6,1,-0.10487200000000001,713,"0,0.23426,0.881198,0.410624,-0.0473021,0.971951,-0.203231,-0.118362,0.0245973,-0.0208491,0.426834,-0.904089,0.109764,0.0165122,1.04815,0.893316,1.18639",screenshots/apple_7_use.png
57,apple,use,8,Power Sphere,4,1,-0.088057999999999997,1148,"0,-0.150762,-0.93446,0.322572,-0.0149266,-0.618148,-0.165531,-0.768435,0.0332053,0.771468,-0.315248,-0.552679,0.0773896,1.50416,1.50172,0.617945,1.24624",screenshots/apple_8_use.png
100,banana,handoff,1,Precision,6,5,-0.227433,2786,"4,0.970869,-0.104688,-0.215531,0.0483216,-0.216416,0.00296661,-0.976296,0.112147,0.102846,0.994501,-0.0197758,0.0531067,0,1.14698,1.27565,1.09751",screenshots/banana_1_handoff.png
101,banana,handoff,2,Power Sphere,4,1,0.036893000000000002,1788,"0,0.203516,0.716736,-0.666986,0.0894385,-0.539249,-0.486544,-0.687375,0.013971,-0.817184,0.499564,0.28748,0.013959,0.481262,2.50813,1.51318,2.01279",screenshots/banana_2_handoff.png
102,banana,handoff,3,Precision Sphere,5,2,0.007293,744,"1,-0.000119617,-0.999681,0.0252343,0.0214322,-0.47365,-0.0221676,-0.880435,0.0661475,0.880713,-0.0120577,-0.473496,0.0538386,0.0604943,0.399472,0.387655,0.769373",screenshots/banana_3_handoff.png
103,banana,handoff,4,Precision,6,1,-0.11934599999999999,1251,"0,0.912485,0.3644,0.185962,0.016534,-0.220554,0.821013,-0.526585,0.0836364,-0.344566,0.439487,0.829533,-0.0535957,0.0157293,1.26416,1.32134,1.20459",screenshots/banana_4_handoff.png
104,banana,handoff,5,Precision Sphere,5,1,0.108651,2061,"0,0.00254668,-0.580335,0.814374,-0.119092,0.944093,-0.267081,-0.193278,0.0559453,0.32967,0.769337,0.54721,-0.0384519,0.0412709,1.37242,1.01331,1.29154",screenshots/banana_5_handoff.png
105,banana,handoff,6,Small Wrap,3,1,0.11354400000000001,788,"0,-0.383326,0.442838,-0.810528,0.0966826,0.74803,-0.365904,-0.553683,-0.00310409,-0.541768,-0.81854,-0.190996,0.0406019,0.176829,1.97095,1.28417,2.25571",screenshots/banana_6_handoff.png
106,banana,handoff,7,Precision Sphere,5,1,0.099160999999999999,744,"0,0.0235863,-0.995622,0.0904388,0.0154709,-0.543364,-0.0887022,-0.834798,0.0600931,0.839166,-0.0294514,-0.543077,0.0600619,0,0.46992,0.185471,0.745207",screenshots/banana_7_handoff.png
107,banana,handoff,8,Precision,6,5,-0.027640999999999999,1211,"4,-0.134383,0.356584,-0.924548,0.152756,-0.814141,-0.571615,-0.102128,0.0387244,-0.564903,0.738988,0.367125,-0.000936407,0.0854484,1.17671,2.12318,1.19504",screenshots/banana_8_handoff.png
108,banana,handoff,9,Small Wrap,3,1,-0.0083719999999999992,732,"0,-0.10803,0.897073,0.428473,0.0525055,-0.874593,-0.290677,0.388066,-0.0163187,0.472671,-0.332816,0.815976,0.0238269,0.326611,2.2346,1.89962,2.10079",screenshots/banana_9_handoff.png
150,banana,use,1,Precision,6,4,-0.004385,2085,"3,0.829029,0.0529319,-0.556695,0.00109153,0.0699255,0.977883,0.197113,-0.0243379,0.554816,-0.20234,0.806993,-0.0305065,0.0666912,1.0114,0.896641,1.4454",screenshots/banana_1_use.png
9,apple,handoff,10,Precision Sphere,5,1,-0.115324,900,"0,-0.900146,0.422097,-0.107565,0.032014,0.424803,0.905282,-0.00249166,-0.0128694,0.096325,-0.0479368,-0.994195,0.147339,0.540983,1.02361,1.50631,1.13342",screenshots/apple_10_handoff.png
10,apple,handoff,11,Power Sphere,4,1,-0.091026999999999997,2784,"0,-0.806278,-0.521559,0.279091,0.0168298,-0.311385,-0.0269309,-0.949902,0.0661186,0.502946,-0.852791,-0.140692,0.0421802,1.09978,1.09724,0.821119,1.24615",screenshots/apple_11_handoff.png
11,apple,handoff,12,Power Sphere,4,3,0.040575,2588,"2,0.10677,-0.839852,-0.532211,0.0330079,0.375274,-0.461641,0.803777,-0.0212838,-0.920744,-0.285544,0.265885,0.0114478,0.235842,1.00589,1.24465,1.10476",screenshots/apple_12_handoff.png
12,apple,handoff,13,Power Sphere,4,1,-0.145762,292,"0,-0.739181,-0.204922,0.641575,-0.0273598,-0.597732,-0.239374,-0.765125,0.0339176,0.310368,-0.949056,0.0544523,0.0402647,1.32871,1.11718,1.48341,1.14179",screenshots/apple_13_handoff.png
13,apple,handoff,14,Power Sphere,4,1,0.105715,1224,"0,0.351843,0.765837,-0.538238,0.0216018,0.676571,0.189308,0.711628,-0.0439617,0.646884,-0.614537,-0.451537,0.0523241,1.6388,1.25419,0.118549,1.29793",screenshots/apple_14_handoff.png
58,apple,use,9,Power Sphere,4,1,0.057299999999999997,160,,screenshots/apple_9_use.png
59,apple,use,10,Medium Wrap,2,2,0.104396,796,"1,0.532542,-0.766566,-0.358855,0.0240057,-0.143424,0.336116,-0.930836,0.0632379,0.834163,0.547178,0.0690517,0.0427261,0.0167617,1.1976,1.12994,1.12252",screenshots/apple_10_use.png
60,apple,use,11,Power Sphere,4,1,-0.057452000000000003,1752,"0,-0.390927,-0.0848955,0.916498,-0.041098,-0.217871,0.975974,-0.00252646,0.00276902,-0.894264,-0.200666,-0.400031,0.0713469,1.02173,1.07068,1.42973,1.27215",screenshots/apple_11_use.png
61,apple,use,12,Power Sphere,4,1,-0.089360999999999996,781,"0,-0.425556,0.779193,-0.460174,0.0217732,0.348961,-0.327886,-0.877904,0.0428691,-0.834942,-0.534181,-0.132374,0.0585759,1.4582,1.4051,0.830629,1.34616",screenshots/apple_12_use.png
62,apple,use,13,Power Sphere,4,8,0.098071000000000005,1772,"7,-0.357672,0.187176,0.914896,-0.0493761,-0.925039,-0.205257,-0.319644,-0.00461467,0.127959,-0.960643,0.24656,0.0430414,1.02336,1.17227,1.38271,1.42715",screenshots/apple_13_use.png
63,apple,use,14,Power Sphere,4,1,0.110079,2520,"0,-0.210439,-0.949884,0.231162,-0.0135079,-0.726981,-0.00604004,-0.68663,0.0452522,0.653615,-0.312545,-0.689276,0.0638525,1.36498,1.32256,0,1.21442",screenshots/apple_14_use.png
64,apple,use,15,Medium Wrap,2,5,-0.047481000000000002,1780,"4,-0.0423856,0.368527,0.928649,-0.0509395,-0.230913,0.900706,-0.367978,0.0502895,-0.97205,-0.230034,0.0469209,0.0263203,0,1.03848,1.17409,0.900241",screenshots/apple_15_use.png
65,apple,use,16,Power Sphere,4,1,-0.0072049999999999996,285,"0,-0.267508,-0.44523,-0.854523,0.0394437,-0.356072,0.869745,-0.341693,0.0245956,0.89535,0.212866,-0.391198,0.0674997,0.92366,1.35528,0.737476,1.21086",screenshots/apple_16_use.png
109,banana,handoff,10,Precision,6,3,0.155807,1269,"2,-0.850756,-0.02662,-0.524885,0.0262679,0.295551,-0.850067,-0.43593,0.0686351,-0.434583,-0.526001,0.731068,-0.0416111,0.122115,1.31848,0.244103,1.17508",screenshots/banana_10_handoff.png
110,banana,handoff,11,Power Sphere,4,1,0.077240000000000003,2813,"0,-0.27623,0.954662,-0.110979,0.0671446,-0.808516,-0.293253,-0.5102,0.059239,-0.519614,-0.051204,0.852865,0.0191445,2.03391,1.73835,0,1.5609",screenshots/banana_11_handoff.png
111,banana,handoff,12,Precision Sphere,5,3,0.194101,189,"2,-0.0412215,0.994786,-0.0932804,0.0195914,0.444442,-0.0653591,-0.89342,0.0941864,-0.894859,-0.0782861,-0.43943,0.0706273,0.174981,1.10886,1.5368,0.480145",screenshots/banana_12_handoff.png
112,banana,handoff,13,Power Sphere,4,3,0.092719999999999997,69,"2,-0.0498796,-0.0735639,0.996042,-0.108612,0.643138,0.760632,0.0883844,-0.0210667,-0.764123,0.645002,0.00937166,-0.00391303,0.197797,1.1441,0.946471,1.63427",screenshots/banana_13_handoff.png
113,banana,handoff,14,Power Sphere,4,1,0.135572,3193,"0,0.218411,0.975223,-0.0351584,-0.00955537,0.148813,-0.0688919,-0.986462,0.0664496,-0.964443,0.210222,-0.160173,0.0502958,0.197894,0.556257,1.41361,0.494757",screenshots/banana_14_handoff.png
114,banana,handoff,15,Power Sphere,4,4,-0.0041910000000000003,761,,screenshots/banana_15_handoff.png
115,banana,handoff,16,Precision Sphere,5,1,0.13830999999999999,2401,"0,0.807251,-0.12746,0.57628,-0.0414369,-0.0872743,0.93989,0.330135,-0.0165121,-0.583719,-0.316797,0.747604,-0.0415357,0.574629,1.24366,1.16736,1.51408",screenshots/banana_16_handoff.png
151,banana,use,2,Precision,6,8,0.034925999999999999,1211,"7,-0.100429,0.358347,-0.928171,0.144968,-0.774099,-0.614204,-0.153373,0.0482204,-0.625047,0.703093,0.339081,0.00684161,0.081849,1.17759,2.10046,1.19504",screenshots/banana_2_use.png
152,banana,use,3,Precision,6,2,0.083089999999999997,224,"1,0.906883,-0.412351,-0.086783,-0.0193183,0.132622,0.474786,-0.870052,0.0934201,0.39997,0.777525,0.485262,-0.026282,0.0263474,1.24211,1.07138,1.39222",screenshots/banana_3_use.png
153,banana,use,4,Precision,6,1,-0.062601000000000004,2741,"0,-0.878831,-0.0916317,-0.468251,0.0696469,-0.312517,0.852119,0.419794,0.0060716,0.360539,0.515264,-0.777505,0.104359,0.139125,1.30505,0.914511,1.16984",screenshots/banana_4_use.png
154,banana,use,5,Invalid,7,12,0.098891999999999994,1414,,screenshots/banana_5_use.png
156,banana,use,7,Precision Sphere,5,3,0.092459,2063,"2,0.00217481,-0.511252,0.859428,-0.13214,0.896926,-0.37902,-0.22774,0.0524135,0.442173,0.771339,0.457732,-0.0254942,0.0434001,1.35721,1.18337,1.05233",screenshots/banana_7_use.png
157,banana,use,8,Power Sphere,4,5,-0.019916,2813,"4,-0.172556,0.840566,-0.513489,0.0294415,-0.577852,-0.508563,-0.638318,0.0573755,-0.797691,0.186576,0.573479,0.0280636,1.90279,1.9589,0.369696,1.5609",screenshots/banana_8_use.png
158,banana,use,9,Power Sphere,4,1,0.095760999999999999,849,"0,-0.624452,0.240812,-0.743013,0.0939334,-0.522959,0.577678,0.626738,-0.0589451,0.580148,0.779934,-0.234798,0.00395188,0.112141,1.24358,1.06487,1.46414",screenshots/banana_9_use.png
159,banana,use,10,Power Sphere,4,1,-0.060618999999999999,2132,"0,-0.859277,0.170501,-0.482257,-0.0102364,-0.141641,0.826631,0.544628,-0.0145014,0.491508,0.536294,-0.686156,0.0598539,0.0424723,1.31051,1.36639,1.1753",screenshots/banana_10_use.png
160,banana,use,11,Precision Sphere,5,1,0.135019,523,"0,-0.0544155,-0.929292,0.365317,-0.0292899,-0.82126,-0.166446,-0.545735,0.090647,0.567952,-0.329717,-0.754133,0.120712,0.0910632,0.871458,0.781045,0.952544",screenshots/banana_11_use.png
161,banana,use,12,Precision,6,3,0.14822299999999999,21,"2,-0.646934,-0.0031357,-0.76254,0.137852,-0.759557,0.0911088,0.644029,-0.039973,0.0674545,0.995835,-0.0613231,0.0614254,0,2.37424,1.42389,1.01667",screenshots/banana_12_use.png
162,banana,use,13,Power Sphere,4,2,0.147092,69,"1,-0.0339859,-0.220825,0.974721,-0.107817,0.657547,0.729527,0.188203,-0.0150755,-0.752646,0.647322,0.12041,-0.00757283,0.112197,1.07054,0.74322,1.6069",screenshots/banana_13_use.png
163,banana,use,14,Power Sphere,4,1,0.18354799999999999,69,"0,-0.044511,-0.179238,0.982798,-0.110461,0.673959,0.720793,0.161978,-0.0133124,-0.737427,0.669575,0.0887158,-0.00978384,0.133304,1.18069,0.962515,1.46849",screenshots/banana_14_use.png
164,banana,use,15,Precision,6,1,-0.044678000000000002,2032,"0,-0.915336,-0.18635,0.356978,-0.047145,0.273586,-0.938256,0.21172,0.00429173,0.295483,0.29146,0.909803,-0.0350634,0.168072,1.44042,0.00517158,1.22996",screenshots/banana_15_use.png
165,banana,use,16,Power Sphere,4,1,0.104778,69,"0,-0.0106321,-0.189093,0.981901,-0.114075,0.632694,0.759128,0.153043,-0.0170912,-0.774328,0.622871,0.111567,-0.0117118,0.0942702,1.1216,1.05406,1.42219",screenshots/banana_16_use.png
200,bowl,handoff,1,Large Wrap,1,7,-0.026429999999999999,28,"6,-0.191673,0.926526,0.323744,-0.0264572,0.104087,0.34719,-0.932,0.0615733,-0.975924,-0.144942,-0.162986,0.088176,0,0.442418,2.51327,0.783889",screenshots/bowl_1_handoff.png
201,bowl,handoff,2,Precision Sphere,5,7,-0.132406,2543,"6,0.486067,-0.718621,0.497314,-0.0380483,-0.814503,-0.578763,-0.0402329,0.0146857,0.316739,-0.385508,-0.866637,0.163547,0.0718454,0.691526,0.508879,0.812984",screenshots/bowl_2_handoff.png
202,bowl,handoff,3,Power Sphere,4,1,-0.193462,101,"0,0.403052,-0.602601,-0.688783,0.0629471,-0.401189,0.560111,-0.724791,0.0484345,0.822555,0.568461,-0.0160035,0.0530249,1.90255,1.44374,1.0086,0.905418",screenshots/bowl_3_handoff.png
203,bowl,handoff,4,Large Wrap,1,1,-0.089535000000000003,2987,"0,0.0612577,-0.975334,0.212064,0.0113218,-0.342498,-0.220103,-0.913373,0.0931643,0.937519,-0.0166803,-0.347533,0.0870747,0.00170806,0.468119,0.485808,1.00245",screenshots/bowl_4_handoff.png
204,bowl,handoff,5,Small Wrap,3,1,-0.14696000000000001,1548,"0,-0.394336,-0.566013,0.723967,0.0343237,-0.831925,-0.114789,-0.542885,-0.0469065,0.390383,-0.816366,-0.425615,0.0937448,3.11245,2.33655,1.92946,2.04895",screenshots/bowl_5_handoff.png
205,bowl,handoff,6,Invalid,7,12,-0.10009899999999999,2699,,screenshots/bowl_6_handoff.png
206,bowl,handoff,7,Large Wrap,1,1,-0.031385999999999997,1316,"0,0.466121,-0.180789,-0.866052,0.072328,-0.334042,-0.942406,0.0169417,0.00280469,-0.819235,0.281401,-0.499666,0.107716,0.131797,0.786717,1.72792,0.746545",screenshots/bowl_7_handoff.png
207,bowl,handoff,8,Large Wrap,1,1,-0.170488,2600,"0,0.214961,-0.828612,0.516907,-0.0365871,0.244362,-0.466811,-0.849927,0.0683283,0.945557,0.309014,0.102135,0.0548787,0.0341916,2.44926,0.654504,0.617293",screenshots/bowl_8_handoff.png
208,bowl,handoff,9,Large Wrap,1,2,-0.046677000000000003,1100,"1,-0.00770105,-0.997799,-0.065865,0.0201591,0.247719,-0.0657174,0.9666,-0.0736142,-0.968801,-0.00887217,0.24768,0.048408,0,0.48119,1.64945,0.555803",screenshots/bowl_9_handoff.png
209,bowl,handoff,10,Large Wrap,1,1,-0.173814,1471,"0,-0.28799,0.658722,-0.695088,0.0683682,0.349878,0.748037,0.563939,-0.0519771,0.891429,-0.080787,-0.445899,0.102169,0.117852,0.751078,0.359038,0.649618",screenshots/bowl_10_handoff.png
210,bowl,handoff,11,Large Wrap,1,10,0.034906,1099,"9,-0.000499256,-0.88403,-0.46743,0.0216625,-0.00394632,-0.467425,0.884024,-0.105964,-0.999992,0.00228585,-0.0032552,0.0515025,0,0.800919,0.836317,0.570826",screenshots/bowl_11_handoff.png
211,bowl,handoff,12,Power Sphere,4,1,-0.199239,1585,,screenshots/bowl_12_handoff.png
212,bowl,handoff,13,Precision Sphere,5,1,-0.028107,1663,"0,-0.0660943,0.815942,-0.574341,0.0215849,0.985285,0.144293,0.091606,0.00208707,0.157619,-0.559836,-0.813474,0.15622,0.876743,0.988329,0.60968,0.994939",screenshots/bowl_13_handoff.png
213,bowl,handoff,14,Large Wrap,1,1,0.149177,1624,"0,-0.0254804,0.859705,-0.510156,0.0409549,-0.210992,-0.503449,-0.837866,0.0694681,-0.977156,0.0862899,0.194219,0.0692714,0.111161,0.711602,1.20503,0.614413",screenshots/bowl_14_handoff.png
214,bowl,handoff,15,Large Wrap,1,1,0.034680999999999997,30,"0,-0.0644796,0.947817,0.312225,-0.0197164,0.565844,0.292443,-0.770907,0.0440465,-0.821987,0.126963,-0.555173,0.127099,0.108187,0.773754,2.37308,0.757914",screenshots/bowl_15_handoff.png
215,bowl,handoff,16,Large Wrap,1,1,-0.051617000000000003,2942,"0,0.344711,0.808921,0.476258,-0.0382124,0.30679,-0.576576,0.757257,-0.0753631,0.88716,-0.114924,-0.446921,0.0967974,0.1182,0.766116,0.257073,0.634222",screenshots/bowl_16_handoff.png
250,bowl,use,1,Large Wrap,1,1,-0.053524000000000002,2925,"0,-0.351846,-0.690907,0.631546,-0.0488136,-0.0932279,0.697198,0.71079,-0.066238,-0.931404,0.191211,-0.309718,0.0938226,0.0784181,0.710277,1.93253,0.794699",screenshots/bowl_1_use.png
251,bowl,use,2,Precision,6,8,-0.184304,85,"7,-0.80109,0.0686961,-0.594588,0.0990144,-0.0218017,0.989383,0.143683,-0.0302949,0.598146,0.128066,-0.791088,0.1291,0,2.51327,0.882747,0.993781",screenshots/bowl_2_use.png
252,bowl,use,3,Large Wrap,1,1,-0.058931999999999998,1468,"0,-0.220785,0.641201,-0.734924,0.0702222,0.374679,0.75146,0.543068,-0.0553238,0.900482,-0.155459,-0.406156,0.0595215,0.194009,0.792873,0,0.808331",screenshots/bowl_3_use.png
253,bowl,use,4,Large Wrap,1,2,-0.074270000000000003,1098,"1,-0.167343,-0.980652,-0.10158,0.0429533,0.111655,-0.121221,0.986325,-0.0952284,-0.979556,0.153713,0.12978,0.0668586,0.0328418,0.558896,0.205366,0.722123",screenshots/bowl_4_use.png
254,bowl,use,5,Medium Wrap,2,1,-0.154945,2019,"0,0.85274,0.171164,-0.493496,0.0595347,0.512294,-0.0896888,0.854114,-0.0592079,0.101932,-0.981152,-0.164167,0.0651385,0,0.809703,1.00679,1.47394",screenshots/bowl_5_use.png
255,bowl,use,6,Large Wrap,1,1,0.083586999999999995,1316,"0,0.610301,-0.116029,-0.783626,0.0647764,-0.218826,-0.975417,-0.025999,0.00638648,-0.761346,0.187345,-0.620688,0.122202,0.132354,0.736667,1.74175,0.746545",screenshots/bowl_6_use.png
256,bowl,use,7,Large Wrap,1,1,0.021718000000000001,1348,"0,0.0361178,0.260398,0.964826,-0.0861849,0.193367,0.945389,-0.262391,0.00262384,-0.980461,0.196042,-0.0162071,0.0776608,0.169232,0.602671,1.02251,1.03642",screenshots/bowl_7_use.png
257,bowl,use,8,Precision,6,1,0.003039,276,,screenshots/bowl_8_use.png
258,bowl,use,9,Large Wrap,1,1,0.12052400000000001,524,"0,-0.194081,-0.669025,0.717453,-0.0680245,0.258542,0.670617,0.69529,-0.0490908,-0.946303,0.320434,0.0428168,0.0670823,0.0354999,0.843652,2.43854,0.653185",screenshots/bowl_9_use.png
259,bowl,use,10,Precision Sphere,5,1,-0.051526000000000002,2588,,screenshots/bowl_10_use.png
260,bowl,use,11,Large Wrap,1,1,0.112538,524,"0,-0.135972,-0.600593,0.787908,-0.0592694,0.267648,0.743454,0.612895,-0.0549038,-0.953874,0.294219,0.0596592,0.0624738,0.115613,0.724928,1.74605,0.753593",screenshots/bowl_11_use.png
261,bowl,use,12,Precision Sphere,5,1,-0.020830999999999999,2088,"0,0.0957037,-0.977318,0.188919,0.034801,-0.93001,-0.155449,-0.33304,0.0182383,0.354853,-0.143823,-0.923793,0.122087,1.33539,1.24135,1.00501,1.18661",screenshots/bowl_12_use.png
262,bowl,use,13,Large Wrap,1,1,0.0016969999999999999,1624,"0,0.0627794,0.864721,-0.498313,0.0270804,-0.238011,-0.47192,-0.848906,0.087843,-0.96923,0.171898,0.176187,0.0632904,0.149735,0.538703,1.08217,0.93517",screenshots/bowl_13_use.png
265,bowl,use,16,Large Wrap,1,1,0.100067,540,"0,0.2548,0.670288,0.696987,-0.0761125,-0.153448,-0.683616,0.713527,-0.0544378,0.954741,-0.288759,-0.071331,0.0613874,0.0947758,0.634753,0,0.848163",screenshots/bowl_16_use.png
300,cell_phone,handoff,1,Precision,6,1,-0.244371,1632,"0,0.999218,-0.0360575,0.0161881,-0.0305589,-0.0361775,-0.999319,0.00718625,0.000149459,0.0159179,-0.00776626,-0.999842,0.112285,0.0103945,1.17061,1.15772,1.18443",screenshots/cell_phone_1_handoff.png
301,cell_phone,handoff,2,Precision,6,1,-0.24205299999999999,1124,"0,0.824582,-0.154293,-0.544296,0.0459267,-0.209305,-0.977026,-0.0401259,-2.6586e-05,-0.525601,0.147011,-0.837933,0.100355,0.0243049,1.24483,0.75351,1.14945",screenshots/cell_phone_2_handoff.png
302,cell_phone,handoff,3,Precision,6,1,-0.15817899999999999,2392,"0,0.0532997,0.385403,0.921207,-0.111443,0.018501,0.921979,-0.386796,0.0757144,-0.998407,0.0376594,0.0420109,0.0130192,0.200092,1.60374,1.94013,0.804002",screenshots/cell_phone_3_handoff.png
303,cell_phone,handoff,4,Power Sphere,4,2,0.014505000000000001,3077,"1,-0.111096,-0.151251,0.982232,-0.112192,-0.148524,0.979778,0.134074,-0.0128346,-0.982649,-0.13099,-0.131314,0.0228169,0,2.06387,1.88396,1.3367",screenshots/cell_phone_4_handoff.png
304,cell_phone,handoff,5,Precision,6,1,-0.16435,1985,"0,0.978755,0.171338,0.11261,0.017435,-0.166485,0.984711,-0.0512425,0.000167368,-0.119668,0.031406,0.992317,-0.0865297,0,1.14117,1.14923,1.21064",screenshots/cell_phone_5_handoff.png
305,cell_phone,handoff,6,Precision Sphere,5,1,-0.084416000000000005,2055,"0,0.697899,-0.715902,-0.0205038,0.00261705,0.152333,0.176354,-0.972468,0.104999,0.699808,0.675561,0.232133,-0.0134752,0.289528,1.13994,1.40159,1.34847",screenshots/cell_phone_6_handoff.png
306,cell_phone,handoff,7,Precision Sphere,5,1,-0.073746999999999993,1387,"0,0.189049,-0.177571,0.965779,-0.105972,0.930545,-0.281701,-0.233947,0.0382064,0.313603,0.942928,0.111982,-0.0465553,0.131442,1.3122,0.796768,1.51917",screenshots/cell_phone_7_handoff.png
307,cell_phone,handoff,8,Precision,6,1,-0.129603,3121,"0,-0.974406,-0.143659,-0.172898,0.0264214,-0.150087,0.988366,0.0246285,-0.00850128,0.167349,0.0499482,-0.984631,0.110924,0.00306745,1.1009,1.15819,1.24932",screenshots/cell_phone_8_handoff.png
308,cell_phone,handoff,9,Precision Sphere,5,1,-0.040379999999999999,217,"0,-0.158047,-0.193185,-0.968349,0.0950835,0.0267529,-0.981153,0.191373,-0.0651742,-0.987069,0.0043394,0.160236,0.00113207,0.32396,1.46513,1.91099,0.771749",screenshots/cell_phone_9_handoff.png
309,cell_phone,handoff,10,Precision,6,2,0.053130999999999998,3125,"1,-0.947106,-0.0720888,0.312717,-0.028646,-0.112433,0.98722,-0.112941,-0.0211317,-0.300579,-0.142127,-0.943108,0.0975735,0.0221395,1.14257,0.962507,1.3895",screenshots/cell_phone_10_handoff.png
310,cell_phone,handoff,11,Power Sphere,4,3,0.044261000000000002,1451,"2,0.122785,0.0525526,0.99104,-0.106027,0.686593,-0.725547,-0.0465911,0.0206803,0.716598,0.686162,-0.125168,0.0158857,0,2.32278,1.54535,1.44498",screenshots/cell_phone_11_handoff.png
311,cell_phone,handoff,12,Precision Sphere,5,6,-0.179843,568,"5,0.203116,0.844342,0.495812,-0.0950399,0.975349,-0.129864,-0.178413,0.0552053,-0.086254,0.519828,-0.849905,0.0912187,1.52596,1.54095,1.0647,1.40416",screenshots/cell_phone_12_handoff.png
312,cell_phone,handoff,13,Precision,6,2,-0.065284999999999996,516,"1,0.95309,-0.285036,0.101852,-0.0414897,0.269389,0.95221,0.14396,-0.0327663,-0.138018,-0.10977,0.984328,-0.0802694,0.0456129,1.06681,0.91461,1.34681",screenshots/cell_phone_13_handoff.png
313,cell_phone,handoff,14,Power Sphere,4,1,0.021541999999999999,2782,"0,0.211347,0.962451,-0.170355,0.0493795,0.780178,-0.271107,-0.563758,0.000527005,-0.588774,-0.0137582,-0.808181,0.0410246,0.122893,1.52502,2.51327,0.000275838",screenshots/cell_phone_14_handoff.png
314,cell_phone,handoff,15,Invalid,7,17,0.14150499999999999,2352,"16,-0.792276,0.0608576,0.60712,-0.0930597,-0.0788577,-0.996881,-0.00298018,0.0216906,0.605045,-0.0502372,0.794604,-0.0529988,0.00196017,1.20657,0.984714,1.35926",screenshots/cell_phone_15_handoff.png
315,cell_phone,handoff,16,Power Sphere,4,3,0.15162500000000001,1392,"2,-0.141635,-0.107101,0.984108,-0.0952444,0.103142,-0.990316,-0.0929321,-0.0155738,0.984531,0.0883407,0.15131,0.00936708,0,2.49143,1.98663,1.27507",screenshots/cell_phone_16_handoff.png
350,cell_phone,use,1,Precision,6,4,-0.078355999999999995,3159,"3,-0.99541,-0.0249546,0.092387,-0.0433987,-0.0136548,0.992561,0.120978,-0.0265719,-0.0947187,0.119162,-0.988346,0.10917,0,1.06185,1.03471,1.31345",screenshots/cell_phone_1_use.png
351,cell_phone,use,2,Precision Sphere,5,1,-0.169908,524,"0,0.122195,-0.858199,0.498561,-0.0574033,0.953242,0.241371,0.181849,-0.0313435,-0.276401,0.453028,0.847566,-0.0779583,0.250407,1.03307,1.37002,1.59584",screenshots/cell_phone_2_use.png
352,cell_phone,use,3,Power Sphere,4,1,-0.197905,900,"0,0.915851,0.321671,0.240301,-0.0416092,-0.151594,-0.277168,0.948787,-0.030706,0.371801,-0.905376,-0.205082,0.013078,0.17704,1.23536,1.37377,1.21813",screenshots/cell_phone_3_use.png
353,cell_phone,use,4,Precision,6,2,-0.089816999999999994,2871,"1,-0.96664,0.176137,-0.185961,-0.00600369,0.176924,0.984146,0.0124878,-0.0189774,0.185213,-0.0208297,-0.982477,0.107471,0.0468921,1.06545,1.01233,1.35052",screenshots/cell_phone_4_use.png
354,cell_phone,use,5,Precision,6,7,-0.112027,3157,"6,-0.955108,0.294449,-0.0326854,-0.0390535,0.293279,0.955339,0.0362756,-0.0175846,0.0419069,0.0250611,-0.998806,0.113778,0.0112742,1.09069,0.974974,1.29609",screenshots/cell_phone_5_use.png
355,cell_phone,use,6,Precision Sphere,5,1,0.046082999999999999,524,"0,0.0848975,-0.871939,0.482198,-0.0539136,0.894154,0.280202,0.349249,-0.0400857,-0.439636,0.401509,0.803437,-0.0653339,0.305594,1.14352,1.51985,1.36669",screenshots/cell_phone_6_use.png
356,cell_phone,use,7,Precision Sphere,5,1,0.013513000000000001,1128,"0,0.0724251,-0.894391,0.441384,-0.0321003,-0.98763,-0.12602,-0.0933013,0.0162507,0.139071,-0.429167,-0.892454,0.0903811,0.170639,1.1388,1.70356,0.811184",screenshots/cell_phone_7_use.png
357,cell_phone,use,8,Power Sphere,4,1,0.012709,1480,,screenshots/cell_phone_8_use.png
358,cell_phone,use,9,Precision Sphere,5,7,0.0099950000000000004,2700,"6,-0.251923,-0.910248,0.32861,-0.038557,-0.931512,0.32013,0.172629,-0.0374068,-0.262334,-0.262615,-0.928555,0.105017,0.0713158,1.37004,0.822549,1.14661",screenshots/cell_phone_9_use.png
359,cell_phone,use,10,Precision,6,1,-0.14469199999999999,3120,"0,-0.999546,-0.0246339,0.0173319,-0.0204189,-0.022801,0.994826,0.0989962,-0.0136113,-0.0196808,0.098556,-0.994937,0.109214,0,1.15391,1.14284,1.21815",screenshots/cell_phone_10_use.png
360,cell_phone,use,11,Precision,6,2,-0.14504800000000001,1633,"1,0.963817,-0.260334,0.057282,-0.0348439,-0.252318,-0.960308,-0.11892,0.0248583,0.0859673,0.100164,-0.99125,0.11048,0.0152077,1.09749,1.00541,1.27163",screenshots/cell_phone_11_use.png
361,cell_phone,use,12,Precision Sphere,5,1,-0.001761,580,"0,0.77064,-0.250505,0.585969,-0.0557395,-0.269971,-0.961245,-0.055884,0.0121614,0.577259,-0.115128,-0.808403,0.0852831,0.0277064,1.16873,1.26662,1.26928",screenshots/cell_phone_12_use.png
362,cell_phone,use,13,Precision,6,11,0.0059059999999999998,3157,"10,-0.973985,0.225381,-0.0236093,-0.0388546,0.222509,0.970876,0.0888191,-0.0259166,0.0429399,0.0812553,-0.995767,0.107357,0.0244733,1.10014,0.956373,1.33398",screenshots/cell_phone_13_use.png
363,cell_phone,use,14,Power Sphere,4,1,0.006012,1689,"0,-0.0650743,0.968714,-0.239493,0.0423191,0.956929,0.128629,0.26027,0.0064695,0.282933,-0.212241,-0.935362,0.0290863,2.94335,2.5033,1.36937,0.171457",screenshots/cell_phone_14_use.png
364,cell_phone,use,15,Power Sphere,4,1,-0.12692899999999999,2940,"0,0.199926,0.978917,0.0418323,-0.0634205,-0.404139,0.0434942,0.913663,-0.00781523,0.892581,-0.199571,0.404315,-0.0172372,1.15703,1.56997,1.55025,1.56118",screenshots/cell_phone_15_use.png
365,cell_phone,use,16,Power Sphere,4,1,0.030002999999999998,745,"0,0.0183793,-0.320662,0.947015,-0.0750469,0.310024,-0.898662,-0.310306,0.0357636,0.950551,0.299301,0.0828961,0.00353587,0,2.51327,1.56316,1.31764",screenshots/cell_phone_16_use.png
400,cup,handoff,1,Power Sphere,4,2,-0.192719,1357,"1,-0.587487,0.144671,0.796197,-0.0379091,-0.797579,0.0628596,-0.599929,0.0301432,-0.136841,-0.987481,0.0784573,0.0907439,1.23156,1.8325,1.34856,1.39137",screenshots/cup_1_handoff.png
401,cup,handoff,2,Medium Wrap,2,1,-0.25543199999999999,3089,"0,0.0264552,-0.992043,0.123091,-0.00506629,-0.173014,0.116732,0.977977,-0.0831246,-0.984563,-0.047169,-0.168549,0.098421,0.0465612,1.00558,1.00716,1.09958",screenshots/cup_2_handoff.png
402,cup,handoff,3,Medium Wrap,2,1,-0.15860399999999999,2000,"0,0.23751,0.700646,-0.672818,0.0373011,0.378443,-0.704653,-0.600204,0.0191955,-0.894633,-0.112069,-0.432517,0.133816,0,1.01205,1.53846,1.12378",screenshots/cup_3_handoff.png
403,cup,handoff,4,Medium Wrap,2,1,-0.14203099999999999,1344,"0,0.0584938,-0.728321,0.682735,-0.0470766,-0.245498,-0.673399,-0.697328,0.0308711,0.96763,-0.126821,-0.218191,0.10401,0.0931522,1.28358,0.178496,1.05157",screenshots/cup_4_handoff.png
404,cup,handoff,5,Precision,6,1,-0.16791700000000001,896,,screenshots/cup_5_handoff.png
405,cup,handoff,6,Invalid,7,17,0.048474999999999997,1269,,screenshots/cup_6_handoff.png
406,cup,handoff,7,Medium Wrap,2,1,-0.067073999999999995,1040,"0,0.102647,-0.106006,-0.989053,0.0498465,0.0926592,-0.988963,0.115613,-0.00944581,-0.990392,-0.103512,-0.091692,0.104999,0.0414551,1.19375,1.41484,1.20151",screenshots/cup_7_handoff.png
407,cup,handoff,8,Precision,6,10,-0.202434,305,"9,-0.510071,-0.289645,0.809897,-0.0582968,-0.079089,0.9534,0.291157,-0.0454048,-0.856488,0.0844566,-0.50921,0.112041,0.054512,0.902131,0.811384,1.24638",screenshots/cup_8_handoff.png
409,cup,handoff,10,Medium Wrap,2,3,-0.125448,288,"2,0.297938,0.00795439,0.954552,-0.056492,-0.0706719,-0.997037,0.030367,-0.0169772,0.951965,-0.0765074,-0.296493,0.117732,0.0895125,1.28276,0,1.06504",screenshots/cup_10_handoff.png
410,cup,handoff,11,Power Sphere,4,1,-0.12639700000000001,1484,,screenshots/cup_11_handoff.png
411,cup,handoff,12,Precision Sphere,5,1,-0.20125000000000001,460,"0,0.102249,0.895941,-0.432246,0.0234382,0.985574,-0.0323309,0.166127,0.0186789,0.134865,-0.442997,-0.886322,0.166907,0.807975,1.07452,1.15514,1.25763",screenshots/cup_12_handoff.png
412,cup,handoff,13,Medium Wrap,2,3,-0.030501,2596,"2,0.144538,0.971523,0.187756,-0.045214,0.299992,-0.223842,0.927307,-0.0680628,0.942928,-0.0777062,-0.323803,0.0452574,0.154292,0.877721,0.675148,1.35128",screenshots/cup_13_handoff.png
413,cup,handoff,14,Power Sphere,4,1,0.051797999999999997,1358,"0,-0.764987,-0.179317,0.61858,-0.00877632,-0.616192,-0.0756239,-0.783956,0.0453489,0.187356,-0.98088,-0.0526426,0.105427,1.46784,1.36752,0.841562,1.44996",screenshots/cup_14_handoff.png
414,cup,handoff,15,Power Sphere,4,1,-0.028306999999999999,1952,"0,-0.0411021,0.43671,-0.898662,0.038848,0.301675,0.862871,0.405519,-0.0231287,0.952524,-0.254436,-0.16721,0.0743606,1.66829,1.34706,0.326373,1.31942",screenshots/cup_15_handoff.png
415,cup,handoff,16,Power Sphere,4,1,-0.13675799999999999,1422,"0,0.609218,0.184923,-0.771139,0.029478,0.712348,0.299665,0.634633,-0.0340227,0.348442,-0.935951,0.0508322,0.0957579,1.36283,1.37125,0.577339,1.31506",screenshots/cup_16_handoff.png
450,cup,use,1,Power Sphere,4,1,-0.119627,1944,"0,-0.0519104,-0.310672,-0.949099,0.0402495,-0.998649,0.0142356,0.049961,0.0117062,-0.00201047,0.95041,-0.310992,0.116856,2.08574,1.34213,1.08737,0.40701",screenshots/cup_1_use.png
451,cup,use,2,Medium Wrap,2,1,-0.061008,624,"0,0.341779,0.599579,-0.723666,0.0463473,0.238544,-0.800166,-0.5503,0.0691049,-0.909001,0.0154542,-0.416506,0.0931399,0,1.06375,0.827165,1.25864",screenshots/cup_2_use.png
453,cup,use,4,Power Sphere,4,1,-0.038941999999999997,1316,"0,0.131205,-0.595994,0.792197,-0.0485736,-0.35144,-0.775169,-0.524977,0.0172213,0.92697,-0.20953,-0.311163,0.0842908,1.35506,1.29796,0.294764,1.09017",screenshots/cup_4_use.png
454,cup,use,5,Precision,6,10,-0.088602,3184,"9,-0.0264677,-0.166879,0.985622,-0.0857706,-0.0983886,0.981614,0.163558,-0.0310786,-0.994795,-0.092645,-0.0424003,0.0652362,0.0110225,1.04594,0.911692,1.15198",screenshots/cup_5_use.png
456,cup,use,7,Medium Wrap,2,1,-0.0072940000000000001,2996,"0,-0.166683,-0.93776,0.30467,-0.0175642,-0.346107,0.344977,0.872468,-0.0448093,-0.923269,0.0399771,-0.382067,0.0532433,0,0.99111,1.42905,1.20931",screenshots/cup_7_use.png
457,cup,use,8,Power Sphere,4,4,0.010598,376,"3,-0.999077,-0.0429111,-0.0017532,-0.023916,-0.0415115,0.954419,0.29557,-0.0431231,-0.01101,0.29537,-0.955319,0.111512,1.40039,1.21927,1.31465,1.2853",screenshots/cup_8_use.png
458,cup,use,9,Medium Wrap,2,3,0.051538,1712,"2,-0.0136615,0.882393,0.470315,-0.0166141,0.374601,0.44062,-0.815799,0.0479295,-0.927085,0.165036,-0.336565,0.0719498,0,0.961889,1.32643,1.19536",screenshots/cup_9_use.png
459,cup,use,10,Power Sphere,4,1,-0.070916000000000007,176,"0,-0.0121735,0.790219,0.612703,-0.0211026,0.125373,0.609119,-0.783107,0.0385043,-0.992035,0.0672829,-0.106487,0.0561206,1.18478,1.15658,1.27757,1.23537",screenshots/cup_10_use.png
460,cup,use,11,Medium Wrap,2,1,-0.020851000000000001,1344,"0,0.0495903,-0.752103,0.657177,-0.0270145,-0.30794,-0.637445,-0.706284,0.072808,0.950113,-0.167346,-0.263214,0.0921042,0.0602246,0.963836,0.817831,1.2965",screenshots/cup_11_use.png
461,cup,use,12,Medium Wrap,2,3,-0.022301999999999999,1888,"2,0.274927,-0.837805,0.471696,-0.0180001,-0.148245,-0.521673,-0.840168,0.0795713,0.949967,0.161058,-0.267623,0.0549441,0.00807261,0.949821,0.942895,1.18107",screenshots/cup_12_use.png
462,cup,use,13,Medium Wrap,2,1,-0.025607000000000001,2996,"0,-0.047304,-0.983808,0.172867,-0.0129841,-0.419368,0.17663,0.890467,-0.0457262,-0.906583,-0.0303723,-0.420933,0.0669787,0,0.992324,1.36015,1.24965",screenshots/cup_13_use.png
463,cup,use,14,Power Sphere,4,5,0.058004,1357,"4,-0.742762,-0.161968,0.64967,-0.00863731,-0.642626,-0.0999607,-0.759631,0.045349,0.187977,-0.98172,-0.029838,0.0994398,1.55155,1.37699,0.509231,1.4246",screenshots/cup_14_use.png
464,cup,use,15,Power Sphere,4,3,-0.049167000000000002,3181,"2,0.361836,0.267278,0.893105,-0.0450365,-0.929958,0.170507,0.32574,-0.00180163,-0.0652179,-0.948414,0.310252,0.0583499,0.625265,1.20932,1.99923,1.56513",screenshots/cup_15_use.png
465,cup,use,16,Medium Wrap,2,3,0.14880499999999999,3168,"2,0.319719,0.2203,0.921546,-0.062633,0.027532,-0.974345,0.223369,-0.0262597,0.947112,-0.0460432,-0.317582,0.0613291,0,1.01004,1.2266,1.14067",screenshots/cup_16_use.png
500,flashlight,handoff,1,Precision Sphere,5,1,-0.21591399999999999,1864,"0,-0.961964,-0.162567,0.219537,-0.0153706,-0.271506,0.65768,-0.702668,0.0667248,-0.0301551,-0.735547,-0.676803,0.18827,0.979026,1.65042,1.37221,1.2905",screenshots/flashlight_1_handoff.png
502,flashlight,handoff,3,Precision Sphere,5,1,-0.081566,2856,,screenshots/flashlight_3_handoff.png
503,flashlight,handoff,4,Small Wrap,3,1,-0.10644000000000001,1561,"0,0.537044,0.0224436,0.843255,-0.0199671,0.842337,0.0394125,-0.537508,-0.0101389,-0.0452985,0.99897,0.00226124,0.12966,0.203053,2.02324,1.63635,2.39603",screenshots/flashlight_4_handoff.png
504,flashlight,handoff,5,Precision Sphere,5,8,0.17366300000000001,2259,"7,-0.178697,0.092902,0.979508,-0.101429,0.153752,0.985938,-0.0654621,-0.00925015,-0.971816,0.138903,-0.190468,0.117731,0.920596,1.15249,1.04014,1.44091",screenshots/flashlight_5_handoff.png
505,flashlight,handoff,6,Precision Sphere,5,3,0.069625000000000006,285,,screenshots/flashlight_6_handoff.png
507,flashlight,handoff,8,Small Wrap,3,1,-0.051866000000000002,1529,"0,0.993914,-0.0107368,-0.109635,0.0192991,-0.110085,-0.133299,-0.984943,0.00724411,-0.00403911,0.991017,-0.13367,0.13212,0,2.51327,2.11053,2.55991",screenshots/flashlight_8_handoff.png
508,flashlight,handoff,9,Small Wrap,3,1,0.029259,2008,"0,-0.992139,-0.10226,-0.0721279,0.00566975,-0.12354,0.708598,0.694714,-0.0388523,-0.0199315,0.698163,-0.715661,0.0572965,0,2.47334,2.06189,1.44947",screenshots/flashlight_9_handoff.png
509,flashlight,handoff,10,Small Wrap,3,3,0.032384999999999997,2008,"2,-0.966231,-0.200821,-0.161457,0.00847443,-0.249844,0.576823,0.777723,-0.0471269,-0.063051,0.791799,-0.607518,0.0596255,0.0344356,1.78925,1.89918,1.33454",screenshots/flashlight_10_handoff.png
510,flashlight,handoff,11,Power Sphere,4,2,-0.028223000000000002,3160,"1,-0.722819,-0.641859,-0.256027,0.0352274,-0.687988,0.633647,0.353786,-0.0104853,-0.0648503,0.431867,-0.899603,0.107864,0.345868,1.13605,2.51327,2.10558",screenshots/flashlight_11_handoff.png
550,flashlight,use,1,Small Wrap,3,1,-0.149724,1148,,screenshots/flashlight_1_use.png
551,flashlight,use,2,Precision Sphere,5,1,-0.051677000000000001,125,"0,-0.671422,0.70251,0.235948,-0.0283367,0.719301,0.694393,-0.0206119,-0.000775392,-0.178321,0.155878,-0.971547,0.163993,0.165722,1.33079,1.73901,1.39273",screenshots/flashlight_2_use.png
552,flashlight,use,3,Small Wrap,3,1,-0.043328999999999999,1196,,screenshots/flashlight_3_use.png
553,flashlight,use,4,Small Wrap,3,1,-0.031685999999999999,77,"0,-0.200101,-0.0696433,-0.977297,0.0187322,0.978378,-0.0674563,-0.195515,-0.0156277,-0.0523084,-0.995288,0.0816355,0.132268,3.14159,2.09741,1.70353,2.39562",screenshots/flashlight_4_use.png
554,flashlight,use,5,Precision,6,6,0.021898000000000001,545,"5,0.151395,0.97005,-0.189953,0.0115307,0.0899175,0.177856,0.97994,-0.098648,0.984375,-0.165439,-0.0602979,0.118272,0.0132662,1.32384,1.24569,1.4499",screenshots/flashlight_5_use.png
600,hammer,handoff,1,Precision,6,1,-0.25326900000000002,2268,,screenshots/hammer_1_handoff.png
601,hammer,handoff,2,Precision Sphere,5,12,-0.16137699999999999,2303,"11,0.992027,0.101977,0.0740373,-0.100571,0.00822851,-0.63867,0.769435,-0.0342742,0.12575,-0.762692,-0.634418,0.0798231,0.212428,1.36462,1.2555,1.33138",screenshots/hammer_2_handoff.png
602,hammer,handoff,3,Small Wrap,3,1,-0.068789000000000003,2736,,screenshots/hammer_3_handoff.png
603,hammer,handoff,4,Invalid,7,19,-0.15453700000000001,189,,screenshots/hammer_4_handoff.png
604,hammer,handoff,5,Power Sphere,4,1,1.6645000000000001,3024,,screenshots/hammer_5_handoff.png
650,hammer,use,1,Power Sphere,4,1,-0.060444999999999999,380,"0,0.151484,-0.0234662,-0.988181,0.138064,-0.978836,-0.142719,-0.146663,0.0410985,-0.13759,0.989485,-0.0445892,-0.0297672,0.112487,1.22307,1.47288,1.40178",screenshots/hammer_1_use.png
651,hammer,use,2,Power Sphere,4,1,-0.036826999999999999,1084,,screenshots/hammer_2_use.png
652,hammer,use,3,Small Wrap,3,5,-0.028098999999999999,1373,"4,0.0185976,0.894842,0.445994,0.065946,0.50315,-0.393848,0.769235,0.00880448,0.863998,0.210096,-0.457565,0.045959,0,2.51327,1.9156,2.59062",screenshots/hammer_3_use.png
653,hammer,use,4,Power Sphere,4,1,-0.030055999999999999,1084,"0,-0.127604,0.930335,-0.343792,0.043631,0.986431,0.0829413,-0.141681,0.0194746,-0.103296,-0.357206,-0.928295,0.0338993,0.0537313,2.371,2.51327,0.0445465",screenshots/hammer_4_use.png
654,hammer,use,5,Small Wrap,3,1,-0.064962000000000006,3025,"0,-0.132813,0.934126,-0.331314,0.0625564,0.658126,-0.16683,-0.734192,0.0351403,-0.741101,-0.315557,-0.592616,0.0280967,0,2.50743,2.48588,0",screenshots/hammer_5_use.png
700,knife,handoff,1,Precision Sphere,5,3,-0.17846100000000001,506,"2,0.982416,-0.0291647,0.184407,-0.0219297,-0.0393271,0.933235,0.357107,-0.110341,-0.18251,-0.35808,0.915679,-0.0680723,1.50376,1.56859,1.55704,1.4885",screenshots/knife_1_handoff.png
